167
318
472
624
772
920
1067
1219
1392
1569
1745
1920
2097
2276
2452
2630
2807
2980
3149
3316
3479
3641
3801
3962
4125
4227
4459
4623
4787
4955
5062
5290
5456
5620
5781
5941
6106
6271
6439
6571
6781
6948
7111
7272
7432
7592
7753
7920
8090
8262
8372
8607
8775
8939
9104
9267
9432
9596
9761
9931
10100
10271
10443
10613
10785
10952
11123
11291
11398
11632
11796
11959
12119
12277
12435
12601
12770
12940
13111
13285
13458
13631
13803
13975
14154
14334
14510
14688
14865
15041
15216
15327
15579
15755
15925
16095
16266
16436
16605
16774
16944
17112
17279
17446
17613
17776
17936
18096
18261
18430
18599
18770
18946
19125
19306
19486
19665
19767
20023
20196
20368
20538
20703
20868
21034
21202
21368
21536
21703
21869
22034
22198
22360
22524
22688
22788
23017
23178
23339
23499
23658
23820
23987
24157
24267
24503
24672
24840
25007
25173
25279
25518
25685
25850
26016
26183
26354
26527
26698
26871
27042
27212
27320
27569
27715
27876
28034
28194
28362
28537
28712
28886
29063
29242
29361
29609
29791
29971
30150
30260
30515
30696
30872
31048
31222
31398
31572
31748
31860
32112
32286
32457
32578
32802
32970
33136
33302
33469
33638
33805
33971
34139
34307
34477
34647
34822
34998
35175
35354
35534
35718
35904
36090
36272
36454
36635
36817
36994
37173
37349
37522
37693
37859
38023
38191
38357
38520
38681
38844
39005
39162
39318
39475
39626
39774
39919
40015
40216
40362
40515
40674
40845
40943
41186
41359
41527
41692
41860
41995
42203
42369
42534
42702
42870
43044
43220
43393
43569
43744
43921
44098
44272
44374
44625
44798
44967
45132
45301
45474
45651
45829
46006
46184
46363
46541
46718
46897
47075
47253
47427
47603
47780
47959
48138
48245
48501
48678
48851
48953
49187
49347
49509
49607
49852
50011
50173
50297
50504
50665
50829
50996
51167
51337
51449
51686
51859
52026
52191
52292
52535
52699
52862
53025
53190
53353
53515
53681
53791
54021
54188
54355
54522
54686
54852
55020
55188
55355
55525
55695
55865
56036
56209
56383
56557
56730
56907
57085
57264
57439
57615
57792
57966
58138
58311
58485
58653
58757
58995
59161
59322
59482
59642
59807
59971
60139
60312
60487
60658
60835
61009
61109
61347
61506
61659
61815
61979
62145
62315
62488
62662
62839
63018
63197
63371
63472
63724
63884
64042
64206
64373
64490
64721
64895
65067
65245
65422
65601
65783
65893
66147
66328
66504
66680
66857
67034
67146
67391
67567
67739
67841
68092
68266
68437
68605
68770
68939
69107
69274
69443
69619
69800
69979
70161
70347
70534
70715
70899
71082
71268
71452
71635
71819
72003
72186
72367
72547
72729
72913
73089
73261
73432
73603
73775
73949
74123
74227
74475
74647
74814
74977
75138
75302
75469
75639
75749
75988
76173
76354
76531
76712
76894
77075
77252
77437
77625
77819
78007
78193
78380
78570
78760
78948
79131
79315
79503
79691
79872
80056
80238
80418
80593
80768
80943
81117
81287
81456
81628
81802
81974
82148
82323
82503
82686
82868
83052
83241
83427
83613
83804
83993
84176
84358
84539
84723
84903
85083
85266
85445
85624
85801
85980
86081
86344
86513
86642
86862
87026
87188
87306
87529
87693
87857
87956
88210
88392
88574
88756
88933
89112
89292
89466
89637
89810
89912
90160
90327
90492
90660
90828
90992
91158
91331
91506
91679
91848
92017
92190
92292
92523
92687
92851
93015
93177
93281
93526
93715
93898
94005
94269
94450
94631
94814
94997
95181
95364
95548
95727
95907
96086
96266
96447
96551
96817
96984
97150
97316
97482
97646
97808
97973
98075
98311
98473
98637
98804
98972
99141
99321
99513
99704
99883
100066
100249
100434
100534
100807
100994
101177
101300
101539
101719
101896
102072
102247
102426
102599
102768
102874
103108
103273
103436
103594
103752
103915
104084
104254
104423
104600
104779
104955
105132
105313
105502
105686
105872
106059
106248
106436
106622
106809
106998
107187
107374
107556
107737
107922
108104
108236
108476
108655
108827
108990
109156
109330
109505
109680
109784
110047
110214
110380
110545
110709
110871
111032
111199
111300
111543
111714
111886
112068
112247
112422
112606
112786
112973
113156
113347
113537
113725
113908
114015
114255
114415
114568
114716
114866
115028
115200
115374
115545
115644
115895
116060
116222
116319
116547
116702
116862
117023
117190
117357
117529
117630
117887
118066
118244
118425
118606
118780
118958
119071
119315
119487
119656
119824
119988
120149
120305
120457
120613
120776
120942
121054
121298
121471
121640
121769
121983
122149
122312
122479
122648
122822
122924
123176
123359
123539
123721
123818
124087
124262
124432
124610
124785
124968
125148
125330
125516
125702
125801
126057
126236
126408
126576
126744
126916
127090
127265
127442
127622
127805
127983
128166
128289
128524
128707
128881
129062
129242
129425
129608
129790
129976
130161
130349
130538
130728
130917
131103
131291
131483
131675
131863
132046
132230
132413
132591
132766
132871
133119
133287
133450
133619
133782
133951
134128
134302
134476
134583
134830
135008
135186
135363
135543
135646
135907
136086
136266
136446
136552
136811
136993
137172
137283
137537
137717
137897
138016
138285
138452
138634
138811
138988
139166
139346
139531
139715
139900
140083
140190
140455
140635
140803
140902
141145
141313
141476
141579
141812
141979
142151
142325
142505
142691
142869
143049
143231
143418
143608
143715
143996
144193
144382
144565
144750
144937
145119
145265
145520
145676
145855
146033
146212
146391
146568
146744
146924
147106
147285
147465
147582
147830
148005
148178
148350
148523
148697
148873
149056
149236
149418
149602
149787
149977
150168
150360
150474
150748
150944
151137
151320
151505
151691
151878
152063
152247
152433
152617
152799
152977
153078
153341
153512
153612
153842
154000
154155
154312
154474
154637
154803
154971
155071
155331
155503
155679
155779
156036
156217
156400
156586
156780
156970
157159
157351
157452
157736
157929
158029
158312
158502
158661
158880
159066
159171
159432
159611
159782
159885
160144
160313
160482
160649
160818
160990
161164
161338
161447
161705
161880
162059
162240
162420
162595
162778
162968
163153
163337
163520
163705
163894
164082
164267
164455
164646
164839
165028
165215
165400
165566
165773
165951
166124
166296
166467
166639
166813
166991
167168
167344
167526
167636
167904
168089
168191
168464
168651
168837
169022
169210
169314
169591
169779
169918
170189
170343
170448
170715
170897
170998
171259
171443
171614
171712
171954
172118
172285
172448
172615
172786
172955
173125
173264
173480
173651
173831
174022
174213
174396
174581
174772
174968
175161
175352
175545
175738
175843
176129
176322
176514
176703
176892
177079
177266
177453
177641
177829
178012
178194
178375
178553
178727
178902
179080
179255
179431
179608
179781
179949
180123
180302
180478
180653
180764
181020
181199
181380
181746
181926
182111
182308
182493
182680
182870
183064
183164
183449
183642
183834
184027
184220
184413
184505
184785
184975
185155
185334
185517
185694
185869
186044
186169
186402
186573
186741
186902
187065
187232
187402
187587
187773
187883
188157
188345
188483
188738
188913
189103
189294
189484
189674
189864
190056
190247
190436
190627
190818
191005
191189
191370
191551
191730
191906
192076
192254
192429
192602
192773
192952
193128
193305
193483
193664
193845
194024
194206
194334
194581
194767
194954
195144
195336
195530
195721
195914
196067
196300
196486
196672
196857
197039
197221
197406
197592
197772
197951
198127
198304
198477
198649
198822
198994
199098
199336
199506
199672
199835
199998
200164
200332
200502
200673
200849
201026
201205
201321
201578
201765
201951
202138
202241
202519
202711
202899
203091
203284
203479
203674
203869
203972
204262
204456
204648
204839
205028
205217
205385
205595
205782
205965
206145
206317
206484
206653
206825
206927
207171
207338
207508
207676
207847
208023
208212
208339
208605
208794
208984
209084
209371
209565
209757
209944
210130
210316
210418
210691
210878
210987
211251
211434
211615
211798
211980
212160
212340
212511
212683
212849
213015
213185
213360
213533
213707
213886
214064
214241
214429
214545
214810
214995
215181
215372
215564
215756
215949
216142
216336
216531
216728
216924
217117
217312
217505
217696
217880
218064
218252
218439
218622
218803
218984
219167
219330
219494
219663
219830
219994
220176
220345
220511
220677
220852
221020
221191
221360
221530
221701
221872
222046
222219
222392
222568
222743
222914
223089
223261
223433
223605
223784
223952
224064
224292
224457
224616
224773
224933
225097
225266
225436
225609
225781
225951
226118
226289
226459
226624
226792
226959
227124
227289
227420
227619
227777
227935
228089
228239
228389
228540
228693
228849
229009
229169
229327
229486
229643
229798
229951
230056
230253
230399
230550
230706
230867
231032
231198
231365
231531
231700
231868
232033
232195
232354
232508
232658
232806
232955
233102
233250
233400
233549
233698
233845
233988
234130
234275
234421
234572
234722
234876
235035
235172
235359
235515
235669
235822
235976
236132
236287
236441
236594
236751
236913
237086
237202
237410
237553
237705
237855
238006
238162
238320
238480
238645
238810
238974
239141
239243
239481
239644
239805
239905
240128
240284
240436
240583
240731
240881
241035
241193
241354
241516
241684
241854
242024
242214
242377
242506
242724
242888
243046
243150
243354
243500
243643
243782
243921
244070
244229
244390
244554
244723
244895
245068
245243
245419
245595
245769
245939
246108
246277
246446
246614
246786
246961
247136
247312
247492
247618
247858
248038
248214
248326
248570
248738
248903
249071
249242
249411
249586
249763
249946
250051
250305
250477
250641
250739
250973
251138
251300
251463
251579
251802
251966
252130
252294
252459
252624
252791
252957
253070
253300
253462
253624
253787
253949
254115
254281
254450
254621
254727
254964
255131
255294
255457
255620
255786
255956
256134
256308
256485
256659
256832
257005
257179
257353
257527
257699
257873
258045
258216
258386
258556
258725
258894
259064
259234
259405
259574
259742
259914
260085
260189
260431
260597
260761
260927
261092
261260
261431
261604
261777
261953
262130
262307
262485
262607
262844
263013
263180
263343
263505
263667
263831
263993
264152
264312
264473
264631
264786
264941
265094
265244
265393
265539
265685
265844
266011
266180
266349
266519
266691
266861
267032
267204
267372
267537
267705
267814
268052
268217
268382
268550
268718
268885
269056
269229
269403
269580
269756
269933
270109
270285
270461
270637
270810
270984
271160
271333
271506
271678
271848
272016
272183
272351
272521
272627
272868
273037
273202
273302
273575
273703
273860
274017
274179
274347
274519
274695
274875
275057
275237
275413
275591
275772
275949
276125
276300
276472
276642
276813
276940
277153
277312
277470
277632
277794
277959
278127
278298
278397
278640
278802
278908
279130
279289
279448
279615
279786
279960
280138
280320
280503
280684
280865
281046
281230
281331
281598
281781
281909
282135
282303
282473
282647
282822
282994
283166
283341
283442
283694
283866
284032
284197
284360
284521
284688
284858
285033
285134
285384
285558
285729
285896
286071
286181
286425
286594
286762
286914
287104
287266
287430
287533
287776
287942
288108
288280
288453
288627
288802
288981
289080
289333
289501
289667
289829
289991
290155
290317
290479
290646
290743
290986
291152
291318
291483
291647
291752
291983
292147
292311
292474
292643
292815
292991
293166
293341
293516
293689
293861
294033
294204
294320
294545
294709
294872
295035
295133
295371
295535
295699
295798
296034
296198
296363
296527
296696
296800
297051
297227
297400
297576
297749
297920
298094
298270
298446
298617
298721
298971
299142
299308
299475
299640
299804
299967
300132
300301
300468
300634
300802
300972
301141
301312
301487
301663
301836
302009
302182
302355
302525
302696
302874
303051
303227
303407
303587
303765
303878
304123
304300
304474
304649
304824
304999
305172
305343
305467
305697
305867
306035
306201
306367
306535
306702
306872
306996
307224
307396
307568
307739
307910
308082
308257
308363
308613
308786
308959
309132
309305
309480
309655
309833
309934
310188
310364
310534
310701
310868
311003
311220
311389
311556
311724
311825
312065
312230
312392
312555
312719
312886
313054
313224
313399
313507
313757
313932
314104
314218
314455
314623
314788
314891
315126
315288
315448
315604
315766
315931
316099
316264
316432
316600
316768
316936
317106
317276
317443
317611
317779
317946
318113
318280
318449
318546
318787
318950
319114
319277
319439
319540
319776
319941
320108
320275
320405
320628
320799
320969
321142
321320
321496
321669
321777
322026
322200
322369
322541
322710
322880
323049
323223
323397
323503
323745
323916
324086
324197
324427
324592
324753
324918
325084
325193
325437
325609
325782
325918
326132
326303
326470
326640
326812
326985
327162
327343
327521
327698
327878
328057
328235
328411
328588
328762
328863
329110
329279
329441
329604
329768
329932
330100
330272
330450
330625
330801
330979
331158
331338
331449
331703
331882
331982
332234
332405
332571
332730
332891
333053
333217
333385
333553
333719
333885
334048
334213
334375
334535
334699
334862
335027
335187
335342
335444
335651
335804
335962
336128
336298
336467
336583
336811
336984
337153
337327
337497
337596
337842
338011
338177
338344
338448
338684
338848
339013
339114
339351
339517
339683
339848
340015
340182
340352
340525
340634
340878
341057
341232
341408
341502
341760
341935
342107
342278
342451
342623
342797
342969
343093
343322
343495
343670
343842
344013
344182
344355
344530
344702
344877
345051
345224
345399
345575
345750
345925
346102
346279
346454
346628
346807
346983
347157
347332
347507
347680
347855
348028
348199
348370
348541
348714
348883
349054
349228
349402
349576
349750
349924
350096
350239
350442
350612
350779
350949
351070
351302
351471
351641
351813
351986
352160
352334
352508
352612
352862
353038
353209
353381
353553
353727
353900
354071
354244
354352
354592
354760
354924
355039
355262
355426
355590
355696
355924
356086
356250
356418
356587
356756
356930
357110
357290
357387
357642
357815
357983
358152
358324
358497
358671
358844
359021
359199
359377
359552
359729
359907
360081
360254
360430
360607
360779
360952
361125
361296
361466
361635
361807
361905
362156
362324
362444
362668
362832
362994
363162
363336
363514
363689
363795
364047
364224
364399
364576
364754
364934
365111
365289
365395
365651
365825
365997
366168
366338
366507
366676
366845
367014
367111
367360
367527
367692
367857
368023
368189
368358
368528
368703
368877
369052
369228
369405
369584
369764
369871
370128
370306
370410
370664
370834
371002
371173
371345
371515
371688
371862
371978
372216
372389
372560
372732
372901
373072
373245
373419
373592
373768
373947
374126
374301
374474
374648
374820
374989
375089
375318
375475
375628
375778
375873
376087
376235
376387
376540
376692
376847
377011
377178
377344
377514
377688
377860
378035
378212
378321
378558
378727
378890
379054
379219
379316
379544
379699
379853
379963
380169
380327
380486
380651
380816
380983
381153
381324
381494
381667
381844
382014
382187
382357
382456
382697
382861
383020
383122
383340
383494
383649
383805
383960
384085
384276
384427
384579
384731
384884
385037
385198
385364
385535
385705
385874
386042
386210
386379
386547
386709
386869
386977
387196
387352
387508
387664
387824
387989
388157
388327
388497
388670
388842
389010
389182
389352
389520
389686
389853
390019
390146
390363
390518
390689
390827
391017
391177
391336
391497
391654
391805
391958
392114
392273
392434
392596
392757
392919
393083
393247
393410
393577
393747
393917
394091
394267
394439
394612
394786
394962
395133
395304
395476
395647
395815
395911
396152
396311
396464
396619
396775
396932
397097
397263
397431
397563
397777
397947
398111
398277
398444
398551
398787
398954
399117
399280
399392
399615
399779
399940
400039
400259
400413
400565
400720
400826
401036
401186
401336
401462
401667
401800
401967
402132
402301
402470
402566
402812
402981
403145
403307
403472
403637
403802
403970
404139
404308
404479
404649
404820
404994
405169
405270
405525
405699
405802
406044
406209
406312
406541
406700
406857
407014
407176
407341
407507
407676
407779
408019
408185
408346
408506
408670
408833
408995
409157
409320
409482
409645
409805
409966
410130
410294
410455
410616
410777
410937
411096
411256
411417
411583
411746
411913
412084
412198
412425
412588
412749
412852
413071
413226
413378
413533
413692
413854
414025
414195
414324
414541
414707
414870
415034
415195
415356
415516
415677
415837
415996
416158
416320
416480
416642
416805
416969
417131
417295
417460
417574
417790
417947
418104
418261
418391
418581
418736
418894
419054
419213
419377
419541
419705
419872
420039
420153
420375
420539
420700
420800
421023
421180
421334
421484
421592
421798
421949
422101
422259
422416
422575
422736
422831
423056
423210
423361
423512
423664
423812
423955
424099
424250
424411
424583
424750
424916
425083
425249
425415
425580
425743
425907
426070
426231
426392
426555
426718
426885
427052
427221
427391
427562
427733
427904
428072
428238
428403
428509
428739
428904
429066
429227
429394
429560
429728
429899
430071
430238
430408
430577
430744
430906
431067
431231
431398
431573
431739
431842
432078
432239
432336
432552
432702
432852
433005
433163
433325
433488
433657
433826
433995
434160
434327
434493
434654
434761
434984
435149
435338
435515
435690
435867
435977
436207
436376
436471
436714
436883
437013
437216
437381
437540
437646
437870
438032
438194
438362
438530
438701
438873
439044
439149
439384
439543
439701
439809
440046
440174
440323
440433
440614
440757
440899
441043
441195
441351
441512
441676
441845
441965
442194
442338
442492
442644
442796
442949
443110
443270
443430
443527
443762
443925
444095
444191
444439
444602
444766
444929
445095
445262
445432
445548
445777
445943
446107
446271
446432
446592
446757
446920
447084
447250
447418
447582
447746
447909
448072
448234
448398
448563
448727
448824
449065
449230
449395
449560
449728
449896
450065
450237
450339
450586
450757
450882
451092
451252
451403
451505
451705
451850
451994
452141
452303
452470
452636
452805
452975
453143
453311
453480
453650
453816
453983
454147
454310
454475
454641
454811
454989
455165
455344
455525
455705
455884
456062
456160
456420
456593
456763
456933
457100
457265
457433
457606
457781
457956
458129
458301
458474
458650
458821
458992
459165
459336
459506
459678
459852
460027
460200
460371
460545
460717
460890
461063
461237
461413
461586
461757
461856
462104
462274
462440
462602
462766
462934
463099
463266
463386
463613
463772
463938
464035
464272
464428
464585
464750
464920
465092
465266
465442
465620
465796
465972
466148
466292
466508
466667
466829
466925
467158
467314
467473
467631
467793
467956
468123
468292
468461
468577
468805
468972
469079
469300
469458
469561
469777
469929
470079
470174
470384
470531
470681
470842
471015
471114
471365
471537
471709
471879
472049
472221
472391
472561
472730
472842
473075
473240
473355
473578
473735
473893
474058
474179
474409
474579
474752
474925
475097
475270
475444
475620
475796
475906
476150
476323
476467
476664
476828
476989
477151
477314
477481
477646
477813
477978
478145
478308
478473
478641
478808
478973
479137
479306
479480
479579
479824
479994
480159
480329
480494
480667
480844
481017
481118
481369
481544
481717
481886
482058
482159
482408
482575
482742
482909
483077
483244
483409
483577
483744
483909
484075
484209
484411
484575
484738
484904
485069
485235
485403
485572
485741
485843
486092
486266
486372
486615
486788
486956
487128
487300
487472
487578
487820
487990
488156
488325
488491
488659
488774
489006
489173
489275
489509
489671
489779
489996
490151
490247
490470
490623
490780
490938
491099
491264
491430
491602
491777
491955
492133
492311
492490
492672
492854
492961
493221
493400
493509
493750
493895
494048
494245
494406
494566
494730
494895
495060
495226
495395
495564
495703
495903
496069
496231
496394
496556
496722
496892
497062
497231
497403
497576
497749
497869
498103
498272
498436
498536
498773
498935
499097
499195
499430
499589
499750
499852
500085
500246
500408
500575
500744
500859
501093
501263
501432
501599
501763
501932
502103
502273
502440
502609
502779
502889
503119
503284
503446
503605
503764
503927
504090
504254
504416
504580
504742
504903
504999
505233
505390
505545
505642
505865
506020
506173
506330
506491
506661
506834
507009
507186
507363
507540
507717
507894
508071
508246
508420
508595
508769
508941
509050
509285
509453
509616
509777
509938
510102
510269
510436
510605
510775
510945
511114
511283
511456
511629
511801
511975
512149
512249
512504
512680
512850
513023
513197
513369
513543
513719
513893
514064
514238
514411
514585
514684
514929
515095
515256
515413
515573
515741
515910
516081
516253
516424
516595
516766
516941
517118
517296
517476
517660
517839
518018
518197
518377
518474
518740
518913
519014
519257
519426
519544
519768
519934
520099
520266
520434
520550
520782
520949
521091
521286
521445
521560
521772
521933
522095
522259
522428
522605
522786
522962
523141
523253
523506
523682
523781
524034
524205
524374
524539
524646
524862
525016
525170
525290
525485
525637
525791
525946
526101
526256
526380
526572
526726
526881
527038
527137
527346
527494
527637
527784
527940
528113
528283
528453
528624
528795
528890
529138
529304
529469
529567
529800
529956
530109
530267
530428
530587
530750
530917
531088
531263
531438
531612
531785
531957
532129
532303
532479
532651
532824
532995
533167
533337
533508
533678
533846
534013
534179
534348
534518
534687
534789
535029
535193
535353
535505
535655
535803
535950
536094
536240
536396
536561
536732
536901
536995
537235
537398
537557
537662
537881
538037
538194
538349
538507
538604
538835
538994
539156
539323
539424
539665
539835
540003
540171
540342
540514
540682
540799
541008
541160
541314
541472
541635
541802
541964
542132
542298
542462
542621
542778
542935
543088
543240
543391
543543
543701
543870
544038
544211
544381
544552
544722
544893
545064
545235
545406
545581
545756
545934
546111
546287
546460
546633
546804
546977
547148
547323
547491
547664
547836
548007
548181
548354
548458
548702
548871
549034
549194
549350
549505
549664
549827
549993
550093
550327
550489
550644
550800
550956
551111
551267
551425
551583
551742
551902
552061
552177
552410
552538
552689
552841
552994
553151
553311
553475
553641
553808
553968
554125
554275
554384
554582
554731
554876
555021
555167
555311
555453
555594
555734
555879
556037
556200
556363
556464
556695
556861
557024
557185
557344
557504
557663
557825
557988
558150
558312
558475
558636
558797
558955
559061
559275
559423
559567
559713
559865
560025
560190
560355
560522
560631
560862
561026
561187
561282
561505
561659
561810
561967
562128
562231
562462
562623
562788
562955
563070
563302
563471
563638
563804
563969
564135
564299
564464
564627
564787
564947
565107
565269
565430
565592
565756
565855
566085
566244
566403
566559
566690
566869
567020
567174
567334
567497
567662
567832
567942
568180
568349
568517
568680
568839
568999
569163
569325
569488
569650
569813
569975
570137
570298
570456
570554
570783
570939
571092
571245
571400
571556
571710
571859
572014
572179
572351
572520
572686
572849
573012
573179
573348
573515
573682
573845
574005
574169
574339
574519
574693
574868
575046
575221
575397
575573
575747
575856
576098
576265
576420
576568
576714
576864
577049
577226
577407
577505
577750
577917
578023
578243
578390
578532
578640
578829
578980
579143
579313
579479
579574
579815
579979
580142
580307
580474
580584
580812
580978
581145
581314
581420
581653
581815
581977
582138
582298
582458
582618
582775
582931
583085
583234
583381
583525
583665
583807
583961
584118
584277
584432
584580
584674
584872
585013
585151
585289
585426
585563
585703
585844
585989
586136
586286
586437
586589
586743
586847
587057
587215
587373
587531
587633
587843
587994
588145
588296
588388
588606
588756
588906
589061
589220
589379
589539
589703
589873
589978
590210
590371
590526
590673
590820
590965
591111
591254
591395
591534
591671
591806
591938
592027
592202
592331
592460
592587
592713
592839
592964
593090
593216
593341
593467
593591
593717
593842
593969
594095
594222
594349
594479
594612
594752
594896
595039
595183
595324
595465
595605
595745
595886
596028
596170
596314
596460
596606
596757
596911
597068
597229
597341
597559
597721
597879
598035
598191
598319
598505
598657
598802
598944
599082
599222
599367
599520
599678
599835
599997
600162
600326
600487
600584
600815
600971
601115
601260
601356
601557
601701
601843
601987
602113
602284
602430
602581
602734
602888
603044
603138
603359
603510
603659
603805
603951
604097
604243
604391
604540
604691
604843
604995
605146
605239
605456
605603
605749
605896
605993
606197
606341
606485
606629
606777
606926
607078
607232
607381
607541
607642
607849
607992
608132
608275
608417
608557
608696
608835
608974
609113
609250
609389
609527
609665
609805
609949
610097
610244
610391
610535
610675
610812
610947
611080
611212
611342
611470
611596
611721
611844
611967
612077
612217
612343
612476
612613
612746
612877
612965
613139
613267
613393
613517
613640
613762
613884
614006
614128
614254
614380
614506
614622
614759
614884
615009
615134
615260
615388
615515
615643
615771
615900
616029
616139
616282
616408
616533
616658
616783
616907
617032
617156
617280
617407
617537
617666
617796
617927
618058
618192
618326
618463
618597
618734
618872
619014
619157
619208
619333
619447
619590
619731
619824
619900
620030
620144
620231
620273
620399
620524
620647
620769
620890
621011
621132
621254
621378
621476
621557
621631
621713
621764
621893
622021
622149
622275
622401
622525
622649
622772
622895
623018
623135
623267
623390
623514
623638
623760
623885
624010
624135
624228
624392
624520
624648
624776
624904
625032
625161
625290
625419
625550
625647
625824
625958
626092
626226
626360
626496
626633
626740
626914
627055
627193
627327
627459
627590
627719
627846
627973
628101
628231
628362
628493
628626
628760
628895
629028
629160
629279
629412
629572
629708
629844
629981
630118
630259
630405
630552
630701
630851
631001
631094
631306
631452
631590
631725
631861
631996
632066
632130
632266
632333
632401
632528
632670
632803
632939
633076
633217
633356
633496
633636
633778
633920
634062
634206
634350
634495
634641
634789
634941
635095
635247
635361
635557
635703
635848
635993
636139
636289
636443
636603
636761
636918
637073
637222
637367
637467
637664
637807
637945
638082
638221
638360
638450
638651
638794
638931
639068
639204
639341
639478
639617
639743
639867
639964
640036
640172
640307
640439
640570
640700
640831
640962
641094
641226
641360
641493
641604
641757
641887
642017
642150
642288
642436
642588
642741
642891
643039
643158
643338
643480
643627
643785
643921
644071
644219
644365
644511
644656
644802
644949
645094
645239
645386
645532
645680
645828
645924
646127
646271
646414
646556
646698
646845
646998
647150
647302
647449
647593
647735
647877
648019
648157
648291
648423
648555
648692
648836
648984
649134
649283
649436
649585
649694
649887
650030
650169
650304
650441
650529
650727
650866
651002
651141
651281
651430
651589
651747
651905
652063
652217
652364
652508
652652
652789
652927
653068
653170
653213
653359
653505
653650
653798
653946
654098
654249
654399
654548
654682
654839
654992
655134
655276
655418
655557
655682
655852
655991
656132
656272
656416
656564
656712
656864
657015
657164
657312
657457
657595
657734
657825
657872
658012
658054
658159
658307
658455
658604
658757
658909
659059
659208
659353
659444
659642
659781
659914
660047
660184
660323
660468
660618
660769
660920
661072
661221
661370
661522
661674
661825
661974
662122
662270
662420
662574
662728
662881
663033
663187
663341
663493
663646
663800
663951
664103
664254
664401
664548
664637
664845
664986
665127
665266
665354
665557
665695
665834
665977
666124
666282
666452
666616
666782
666900
667119
667280
667430
667522
667724
667865
668006
668143
668231
668425
668559
668692
668825
668917
669104
669241
669376
669513
669654
669799
669946
670092
670242
670392
670541
670689
670837
670982
671125
671266
671407
671467
671549
671620
671691
671836
671980
672082
672274
672415
672553
672688
672824
672962
673099
673240
673385
673535
673687
673836
673986
674134
674283
674429
674572
674714
674855
674994
675098
675275
675410
675544
675678
675818
675961
676107
676252
676396
676542
676687
676800
676986
677127
677269
677410
677547
677638
677826
677960
678097
678236
678376
678519
678663
678811
678958
679103
679245
679348
679529
679663
679795
679926
680059
680192
680281
680475
680611
680745
680881
681020
681158
681298
681441
681587
681722
681735
681880
682024
682164
682269
682442
682576
682712
682848
682983
683119
683253
683387
683522
683658
683794
683931
684070
684210
684354
684501
684614
684806
684953
685097
685235
685373
685462
685647
685778
685910
686039
686170
686307
686453
686607
686766
686919
687074
687228
687385
687542
687697
687853
688006
688148
688288
688425
688565
688704
688851
688997
689146
689295
689441
689584
689676
689876
690017
690158
690295
690436
690577
690722
690865
691010
691156
691303
691452
691601
691750
691895
692042
692190
692340
692491
692640
692791
692944
693097
693251
693407
693561
693719
693875
693966
694184
694329
694475
694622
694770
694921
695073
695226
695376
695526
695680
695849
696011
696169
696275
696489
696639
696785
696881
697081
697221
697362
697503
697643
697783
697925
698076
698231
698391
698502
698709
698861
699006
699148
699289
699429
699565
699702
699838
699975
700067
700251
700387
700521
700658
700799
700940
701086
701234
701384
701534
701684
701836
701987
702135
702280
702427
702577
702732
702883
703029
703125
703325
703412
703468
703614
703761
703909
704057
704209
704356
704506
704658
704812
704967
705123
705218
705438
705587
705735
705881
706094
706172
706308
706608
706758
706906
707051
707196
707339
707482
707626
707772
707917
708063
708203
708340
708479
708620
708765
708914
709065
709220
709371
709521
709671
709820
709970
710119
710268
710414
710563
710715
710866
711017
711169
711290
711466
711609
711752
711895
712039
712183
712331
712480
712631
712728
712940
713088
713240
713385
713535
713684
713832
713976
714124
714272
714420
714570
714722
714875
715033
715190
715346
715497
715648
715797
715948
716095
716246
716349
716550
716696
716842
716984
717095
717275
717416
717558
717704
717856
718008
718159
718309
718462
718617
718772
718922
719072
719222
719371
719519
719668
719817
719968
720119
720268
720418
720566
720715
720863
721014
721164
721317
721469
721620
721772
721923
722071
722217
722363
722513
722665
722816
722921
723123
723270
723417
723565
723714
723859
724006
724153
724304
724458
724611
724764
724915
725026
725218
725363
725504
725642
725778
725898
726052
726190
726331
726468
726607
726755
726911
727071
727172
727389
727541
727692
727839
727926
728135
728279
728421
728567
728713
728859
729006
729152
729299
729445
729593
729740
729887
730036
730185
730335
730482
730627
730773
730866
731068
731213
731357
731505
731655
731807
731904
732126
732277
732426
732575
732672
732879
733027
733177
733327
733478
733630
733784
733938
734091
734243
734395
734487
734701
734848
734992
735137
735282
735429
735576
735721
735866
736011
736112
736307
736451
736597
736743
736891
737038
737187
737340
737497
737652
737807
737964
738123
738288
738467
738637
738802
738967
739068
739297
739448
739596
739694
739896
740043
740188
740333
740481
740629
740776
740924
741072
741219
741309
741516
741661
741805
741953
742104
742258
742375
742569
742717
742865
743009
743157
743305
743453
743604
743753
743901
744049
744197
744343
744492
744645
744799
744953
745060
745259
745404
745546
745686
745792
745975
746115
746260
746408
746557
746705
746849
746994
747148
747307
747471
747640
747811
747974
748135
748291
748444
748598
748753
748905
749059
749212
749368
749523
749674
749823
749971
750120
750271
750426
750588
750752
750916
751080
751241
751332
751556
751707
751856
752003
752112
752310
752458
752604
752751
752840
753047
753187
753323
753456
753590
753725
753861
753997
754135
754272
754409
754547
754682
754816
754950
755085
755219
755356
755449
755637
755775
755912
756049
756193
756364
756528
756690
756849
757008
757164
757322
757482
757642
757804
757969
758061
758303
758467
758627
758777
758871
759081
759230
759381
759540
759662
759868
760026
760186
760342
760498
760657
760818
760980
761142
761307
761468
761628
761745
761961
762121
762279
762437
762595
762749
762907
763068
763231
763357
763566
763723
763880
764038
764198
764361
764523
764685
764847
764993
765178
765340
765499
765656
765814
765919
766144
766299
766453
766564
766763
766912
767066
767220
767373
767527
767682
767838
767995
768153
768309
768463
768561
768773
768923
769075
769227
769379
769532
769636
769849
769997
770145
770291
770440
770593
770749
770908
771068
771231
771390
771548
771705
771858
772011
772164
772255
772476
772626
772773
772921
773068
773217
773366
773514
773665
773818
773971
774122
774271
774364
774563
774703
774840
774977
775111
775246
775383
775525
775668
775814
775948
776118
776266
776411
776556
776702
776852
777003
777157
777309
777462
777618
777775
777935
778095
778257
778422
778588
778757
778928
779098
779265
779431
779596
779760
779923
780085
780245
780402
780563
780724
780886
781049
781143
781377
781532
781685
781839
781995
782153
782313
782474
782634
782794
782950
783106
783257
783408
783509
783711
783856
784010
784157
784247
784452
784596
784737
784881
785025
785172
785321
785473
785628
785786
785942
786031
786257
786412
786568
786724
786881
787040
787141
787362
787516
787669
787823
787975
788130
788287
788447
788607
788767
788927
789087
789180
789405
789556
789705
789854
790002
790153
790284
790465
790620
790781
790942
791107
791229
791439
791601
791763
791868
792088
792248
792410
792570
792729
792889
793051
793213
793375
793537
793644
793858
794008
794160
794314
794417
794626
794778
794933
795091
795248
795386
795570
795727
795885
796044
796202
796359
796452
796683
796838
796990
797139
797289
797442
797602
797766
797931
798095
798259
798423
798520
798751
798907
799062
799211
799372
799531
799694
799850
800007
800167
800326
800484
800614
800802
800952
801101
801252
801348
801557
801707
801856
802007
802116
802316
802464
802615
802767
802925
803084
803245
803403
803565
803723
803880
804037
804194
804348
804498
804605
804800
804948
805097
805246
805391
805535
805676
805786
805955
806090
806223
806355
806486
806617
806706
806886
807020
807153
807286
807424
807565
807708
807858
808010
808162
808313
808462
808614
808765
808916
809068
809220
809334
809533
809683
809833
809985
810140
810301
810461
810622
810787
810889
811122
811278
811434
811589
811744
811902
812059
812223
812386
812550
812710
812872
813035
813200
813362
813480
813715
813843
813997
814151
814304
814416
814621
814773
814928
815083
815241
815403
815568
815736
815907
816013
816244
816405
816561
816714
816869
817026
817187
817348
817506
817664
817816
817971
818126
818282
818442
818604
818766
818865
819087
819242
819393
819543
819693
819846
820003
820165
820328
820500
820672
820843
820959
821179
821344
821507
821617
821835
821991
822142
822295
822452
822619
822785
822949
823109
823270
823432
823591
823745
823898
824053
824208
824363
824521
824680
824842
825000
825158
825321
825482
825643
825739
825962
826110
826251
826357
826525
826659
826790
826921
827056
827195
827337
827480
827628
827781
827937
828090
828239
828390
828545
828701
828858
829016
829175
829339
829503
829662
829817
829970
830084
830277
830423
830568
830717
830866
831017
831110
831334
831490
831644
831798
831955
832112
832267
832423
832580
832737
832893
833051
833214
833378
833544
833711
833820
834051
834209
834366
834525
834685
834850
835018
835184
835350
835513
835682
835848
836012
836176
836339
836502
836669
836833
837000
837101
837331
837489
837642
837742
837948
838094
838239
838386
838542
838709
838875
839048
839220
839391
839561
839730
839900
840006
840237
840391
840538
840688
840841
840990
841138
841283
841428
841570
841714
841860
842006
842155
842303
842453
842603
842751
842902
843062
843224
843386
843547
843709
843874
844035
844194
844351
844509
844670
844833
844993
845156
845268
845492
845654
845800
845919
846129
846279
846428
846580
846682
846906
847060
847218
847382
847544
847705
847872
848040
848208
848377
848513
848722
848895
849066
849235
849349
849561
849717
849874
850032
850195
850358
850520
850683
850850
850967
851184
851345
851503
851625
851818
851969
852122
852273
852428
852589
852757
852930
853102
853275
853450
853626
853727
853966
854128
854288
854391
854616
854774
854933
855091
855254
855419
855586
855756
855933
856107
856278
856451
856624
856796
856962
857128
857288
857438
857587
857734
857879
858021
858141
858302
858444
858596
858752
858915
859067
859188
859416
859579
859743
859851
860084
860252
860419
860529
860758
860924
861091
861196
861426
861593
861760
861926
862094
862222
862434
862601
862765
862904
863101
863265
863423
863522
863747
863901
864054
864147
864366
864515
864664
864813
864966
865123
865285
865450
865616
865784
865952
866117
866283
866452
866618
866778
866941
867106
867203
867439
867602
867763
867922
868081
868237
868396
868552
868708
868865
869021
869179
869336
869493
869650
869811
869972
870135
870300
870401
870633
870788
870945
871104
871264
871423
871523
871752
871912
872075
872237
872382
872571
872729
872888
873051
873216
873380
873541
873706
873871
874035
874195
874291
874521
874675
874826
874922
875134
875281
875428
875578
875731
875890
876053
876216
876385
876483
876719
876874
877028
877183
877339
877498
877658
877824
877991
878161
878326
878496
878667
878834
878998
879094
879327
879480
879630
879779
879927
880072
880219
880369
880521
880676
880835
880994
881151
881307
881408
881626
881781
881936
882094
882254
882415
882524
882745
882905
883061
883221
883382
883548
883713
883878
884047
884146
884376
884531
884683
884778
884992
885137
885285
885402
885589
885735
885883
886033
886191
886354
886519
886685
886852
887021
887189
887356
887525
887692
887861
888026
888155
888367
888528
888689
888789
889013
889166
889318
889443
889637
889789
889944
890104
890269
890366
890596
890751
890904
891055
891205
891356
891507
891659
891812
891966
892127
892286
892435
892552
892759
892911
893061
893193
893344
893521
893670
893819
893974
894074
894289
894440
894594
894689
894904
895053
895204
895354
895510
895665
895825
895986
896148
896307
896468
896626
896780
896937
897094
897250
897406
897562
897723
897880
897986
898198
898352
898504
898656
898805
898956
899111
899270
899431
899598
899765
899931
900098
900270
900437
900603
900767
900931
901098
901260
901422
901588
901752
901916
902078
902247
902412
902575
902740
902847
903069
903225
903378
903477
903691
903841
903989
904090
904294
904441
904589
904741
904897
905060
905225
905392
905563
905737
905907
906082
906255
906424
906587
906754
906920
907081
907175
907405
907562
907715
907871
908028
908185
908342
908501
908599
908825
908980
909133
909289
909446
909602
909760
909894
910087
910247
910402
910556
910711
910868
911022
911179
911343
911508
911670
911836
911954
912160
912314
912467
912569
912779
912930
913084
913204
913411
913568
913722
913822
914020
914163
914302
914441
914588
914737
914894
915051
915211
915372
915535
915694
915850
916006
916161
916313
916404
916611
916756
916901
917049
917201
917355
917515
917682
917848
918017
918109
918343
918499
918653
918769
918967
919118
919268
919424
919584
919691
919911
920070
920224
920380
920537
920693
920855
921018
921180
921344
921505
921667
921830
921937
922165
922325
922483
922584
922799
922950
923102
923239
923418
923575
923732
923889
924026
924203
924355
924507
924661
924817
924909
925128
925280
925428
925576
925724
925874
926026
926180
926333
926485
926640
926795
926951
927109
927266
927424
927581
927737
927893
928054
928211
928364
928519
928620
928840
928993
929142
929266
929443
929592
929741
929894
930048
930205
930363
930523
930682
930789
930997
931149
931299
931400
931605
931753
931903
932054
932210
932367
932524
932681
932838
932993
933150
933308
933466
933626
933784
933942
934037
934267
934422
934576
934732
934887
935040
935196
935355
935462
935674
935827
935979
936081
936293
936443
936596
936752
936911
937070
937234
937406
937575
937740
937905
938071
938234
938393
938554
938723
938826
939052
939211
939368
939525
939683
939841
940004
940165
940328
940423
940647
940800
940950
941043
941254
941401
941547
941693
941792
941998
942146
942294
942445
942552
942766
942917
943070
943224
943325
943535
943687
943840
943997
944159
944321
944486
944654
944819
944979
945072
945301
945457
945611
945712
945933
946088
946242
946396
946549
946703
946859
947014
947170
947271
947541
947711
947846
948035
948196
948358
948521
948686
948852
949017
949184
949350
949509
949672
949839
950011
950182
950353
950477
950692
950851
951010
951116
951330
951483
951634
951773
951942
952100
952260
952425
952588
952682
952912
953067
953222
953375
953529
953683
953836
953989
954140
954285
954428
954568
954710
954858
955012
955171
955334
955504
955675
955842
956007
956172
956334
956496
956658
956818
956916
957139
957291
957442
957542
957748
957894
958043
958193
958346
958505
958668
958837
959013
959184
959354
959523
959691
959861
960032
960131
960366
960525
960681
960842
961005
961171
961340
961506
961606
961840
961999
962154
962278
962470
962623
962778
962875
963102
963261
963422
963586
963751
963923
964096
964266
964436
964608
964782
964957
965129
965302
965478
965577
965829
965998
966169
966338
966498
966659
966818
966978
967088
967302
967456
967612
967767
967924
968081
968243
968411
968584
968755
968931
969109
969287
969464
969643
969822
969934
970182
970361
970538
970631
970890
971056
971149
971375
971526
971675
971828
971986
972151
972317
972483
972649
972815
972977
973137
973298
973457
973561
973775
973929
974082
974191
974394
974550
974707
974806
975031
975194
975356
975520
975687
975857
976029
976204
976378
976473
976730
976899
976993
977227
977381
977531
977687
977842
977998
978160
978321
978479
978637
978796
978954
979110
979268
979428
979592
979754
979918
980089
980258
980423
980592
980761
980856
981101
981268
981433
981541
981774
981940
982102
982200
982430
982590
982747
982851
983066
983219
983371
983523
983619
983834
983984
984134
984286
984439
984595
984754
984916
985086
985193
985418
985579
985738
985903
986070
986238
986407
986576
986693
986914
987081
987242
987402
987567
987736
987910
988085
988255
988433
988604
988774
988942
989046
989286
989452
989612
989775
989939
990100
990265
990433
990600
990702
990937
991102
991265
991428
991592
991760
991934
992114
992278
992464
992642
992821
992930
993181
993357
993532
993705
993877
994048
994222
994397
994572
994748
994924
995098
995270
995439
995609
995778
995948
996057
996294
996460
996624
996789
996956
997126
997298
997470
997650
997831
998013
998193
998371
998549
998726
998904
999084
999263
999441
999621
999798
999973
1000145
1000320
1000444
1000671
1000838
1001005
1001170
1001328
1001487
1001650
1001816
1001980
1002147
1002317
1002490
1002659
1002833
1003005
1003174
1003340
1003508
1003672
1003774
1003998
1004153
1004305
1004439
1004640
1004799
1004958
1005122
1005290
1005455
1005626
1005799
1005970
1006139
1006309
1006474
1006637
1006800
1006962
1007121
1007284
1007446
1007609
1007772
1007890
1008105
1008261
1008419
1008577
1008736
1008898
1009064
1009229
1009395
1009550
1009679
1009891
1010052
1010209
1010369
1010530
1010690
1010846
1011006
1011167
1011327
1011486
1011651
1011815
1011916
1012142
1012303
1012460
1012618
1012776
1012936
1013102
1013269
1013435
1013605
1013774
1013940
1014103
1014271
1014435
1014597
1014761
1014928
1015094
1015191
1015422
1015584
1015739
1015894
1016051
1016212
1016373
1016534
1016697
1016794
1017024
1017181
1017336
1017494
1017650
1017809
1017970
1018131
1018290
1018452
1018617
1018787
1018951
1019114
1019281
1019444
1019603
1019765
1019925
1020063
1020249
1020407
1020564
1020721
1020878
1021041
1021203
1021364
1021525
1021691
1021853
1022015
1022112
1022337
1022495
1022650
1022805
1022962
1023122
1023284
1023443
1023605
1023766
1023928
1024089
1024252
1024414
1024570
1024720
1024866
1025007
1025144
1025282
1025423
1025569
1025715
1025865
1026016
1026163
1026306
1026446
1026583
1026719
1026857
1027001
1027157
1027318
1027480
1027576
1027804
1027961
1028115
1028267
1028422
1028578
1028733
1028889
1029043
1029135
1029355
1029505
1029653
1029804
1029905
1030108
1030256
1030402
1030544
1030652
1030854
1031003
1031152
1031302
1031452
1031606
1031763
1031921
1032080
1032240
1032398
1032555
1032714
1032873
1033031
1033187
1033279
1033501
1033651
1033798
1033946
1034097
1034221
1034409
1034560
1034716
1034872
1035029
1035186
1035347
1035510
1035673
1035834
1036000
1036163
1036323
1036481
1036640
1036801
1036901
1037118
1037271
1037421
1037526
1037727
1037877
1038028
1038183
1038341
1038453
1038659
1038810
1038939
1039110
1039207
1039416
1039569
1039720
1039874
1040033
1040188
1040281
1040496
1040647
1040794
1040931
1041093
1041243
1041396
1041551
1041706
1041860
1041952
1042176
1042327
1042476
1042631
1042788
1042944
1043099
1043257
1043416
1043575
1043733
1043892
1044050
1044149
1044365
1044519
1044671
1044827
1044981
1045140
1045235
1045459
1045613
1045767
1045922
1046077
1046230
1046385
1046543
1046701
1046837
1047014
1047168
1047321
1047473
1047622
1047773
1047869
1048080
1048229
1048377
1048474
1048682
1048830
1048979
1049134
1049265
1049456
1049612
1049765
1049917
1050078
1050248
1050412
1050574
1050737
1050852
1051062
1051217
1051370
1051466
1051677
1051823
1051967
1052063
1052256
1052399
1052543
1052647
1052848
1052997
1053149
1053304
1053464
1053623
1053714
1053943
1054098
1054250
1054404
1054502
1054715
1054863
1055012
1055163
1055314
1055466
1055619
1055777
1055932
1056088
1056245
1056344
1056557
1056706
1056854
1057007
1057159
1057309
1057465
1057619
1057772
1057879
1058080
1058232
1058381
1058530
1058682
1058837
1058994
1059153
1059308
1059463
1059618
1059774
1059929
1060083
1060241
1060399
1060555
1060710
1060868
1061025
1061181
1061335
1061489
1061643
1061796
1061951
1062112
1062282
1062449
1062613
1062747
1062942
1063097
1063248
1063399
1063552
1063702
1063850
1064001
1064155
1064310
1064465
1064622
1064784
1064946
1065106
1065262
1065419
1065511
1065730
1065878
1066025
1066172
1066321
1066469
1066614
1066781
1066934
1067087
1067238
1067390
1067543
1067696
1067851
1068006
1068105
1068318
1068467
1068617
1068765
1068915
1069061
1069208
1069357
1069507
1069656
1069746
1069964
1070114
1070262
1070407
1070554
1070704
1070856
1071011
1071169
1071330
1071492
1071650
1071806
1071960
1072113
1072264
1072418
1072571
1072718
1072862
1072960
1073146
1073285
1073429
1073576
1073727
1073880
1074040
1074149
1074362
1074514
1074647
1074795
1074969
1075116
1075265
1075415
1075571
1075727
1075889
1076052
1076220
1076388
1076556
1076728
1076822
1077056
1077210
1077364
1077513
1077661
1077809
1077958
1078113
1078268
1078426
1078579
1078734
1078887
1078980
1079191
1079341
1079487
1079580
1079788
1079934
1080081
1080229
1080384
1080543
1080707
1080878
1081058
1081230
1081334
1081575
1081749
1081911
1082009
1082240
1082404
1082561
1082723
1082821
1083050
1083209
1083364
1083524
1083684
1083843
1084004
1084164
1084326
1084488
1084649
1084814
1084975
1085134
1085297
1085456
1085611
1085762
1085916
1086075
1086168
1086397
1086553
1086713
1086812
1087032
1087185
1087338
1087433
1087650
1087801
1087953
1088108
1088265
1088424
1088587
1088750
1088913
1089024
1089239
1089395
1089546
1089696
1089845
1089997
1090150
1090299
1090443
1090585
1090725
1090862
1090999
1091142
1091288
1091436
1091584
1091739
1091892
1092048
1092202
1092358
1092511
1092666
1092819
1092973
1093129
1093226
1093445
1093597
1093746
1093896
1094049
1094202
1094357
1094516
1094673
1094827
1094983
1095141
1095298
1095451
1095603
1095754
1095859
1096059
1096205
1096348
1096494
1096641
1096791
1096946
1097105
1097266
1097427
1097586
1097745
1097901
1098054
1098208
1098362
1098519
1098677
1098837
1098997
1099091
1099319
1099472
1099621
1099723
1099927
1100076
1100225
1100376
1100482
1100693
1100843
1100994
1101147
1101238
1101458
1101608
1101758
1101857
1102063
1102210
1102359
1102510
1102661
1102814
1102968
1103124
1103286
1103451
1103612
1103774
1103867
1104092
1104245
1104396
1104547
1104700
1104855
1105009
1105167
1105324
1105419
1105639
1105793
1105944
1106054
1106253
1106401
1106548
1106702
1106860
1107027
1107199
1107370
1107541
1107659
1107879
1108038
1108194
1108350
1108502
1108654
1108803
1108949
1109094
1109236
1109335
1109520
1109659
1109794
1109931
1110075
1110227
1110384
1110544
1110705
1110867
1111026
1111181
1111335
1111492
1111649
1111807
1111963
1112122
1112282
1112445
1112607
1112772
1112942
1113114
1113284
1113464
1113557
1113805
1113965
1114122
1114213
1114437
1114588
1114738
1114890
1115044
1115201
1115358
1115517
1115680
1115839
1115996
1116154
1116312
1116472
1116630
1116790
1116948
1117108
1117268
1117427
1117520
1117746
1117899
1118049
1118198
1118344
1118493
1118642
1118796
1118952
1119109
1119264
1119422
1119577
1119669
1119886
1120033
1120175
1120293
1120451
1120587
1120723
1120858
1120992
1121126
1121259
1121395
1121534
1121677
1121825
1121977
1122130
1122288
1122447
1122605
1122763
1122925
1123084
1123241
1123356
1123555
1123709
1123859
1124008
1124157
1124307
1124459
1124610
1124762
1124916
1125069
1125221
1125320
1125528
1125677
1125825
1125971
1126069
1126271
1126417
1126562
1126706
1126806
1127010
1127158
1127308
1127458
1127610
1127762
1127912
1128061
1128211
1128359
1128505
1128652
1128799
1128946
1129094
1129241
1129352
1129538
1129682
1129826
1129970
1130114
1130256
1130402
1130550
1130699
1130849
1131000
1131153
1131305
1131456
1131559
1131764
1131913
1132059
1132207
1132356
1132474
1132659
1132807
1132958
1133111
1133263
1133415
1133570
1133667
1133883
1134034
1134183
1134334
1134479
1134621
1134762
1134902
1135042
1135183
1135281
1135472
1135614
1135757
1135902
1136050
1136199
1136348
1136499
1136652
1136806
1136960
1137116
1137272
1137365
1137583
1137734
1137883
1138034
1138185
1138337
1138490
1138645
1138797
1138950
1139102
1139253
1139403
1139553
1139703
1139854
1140004
1140154
1140305
1140456
1140610
1140763
1140920
1141077
1141236
1141393
1141550
1141705
1141862
1142016
1142167
1142319
1142411
1142623
1142769
1142913
1143056
1143200
1143345
1143492
1143640
1143792
1143944
1144099
1144257
1144413
1144569
1144725
1144879
1145033
1145128
1145340
1145489
1145637
1145783
1145908
1146088
1146235
1146383
1146532
1146682
1146832
1146983
1147139
1147298
1147457
1147615
1147727
1147934
1148089
1148239
1148367
1148543
1148693
1148843
1148994
1149147
1149300
1149453
1149605
1149758
1149912
1150007
1150218
1150366
1150512
1150657
1150803
1150952
1151103
1151257
1151410
1151564
1151719
1151879
1152036
1152193
1152350
1152506
1152666
1152822
1152981
1153142
1153298
1153451
1153602
1153714
1153903
1154048
1154191
1154335
1154480
1154627
1154777
1154931
1155088
1155248
1155408
1155570
1155731
1155892
1156055
1156217
1156380
1156541
1156700
1156857
1157015
1157109
1157329
1157482
1157631
1157783
1157934
1158083
1158233
1158385
1158537
1158631
1158844
1158991
1159135
1159234
1159428
1159570
1159714
1159859
1159957
1160157
1160301
1160446
1160594
1160742
1160893
1161047
1161201
1161356
1161511
1161608
1161821
1161971
1162119
1162266
1162363
1162563
1162708
1162854
1163000
1163121
1163303
1163450
1163598
1163748
1163898
1164052
1164206
1164362
1164520
1164676
1164768
1164984
1165133
1165279
1165424
1165570
1165719
1165869
1166017
1166168
1166320
1166471
1166622
1166774
1166926
1167076
1167225
1167375
1167528
1167682
1167836
1167930
1168145
1168294
1168443
1168592
1168743
1168898
1169049
1169207
1169367
1169528
1169685
1169843
1170002
1170157
1170252
1170469
1170619
1170762
1170904
1170995
1171193
1171336
1171479
1171625
1171774
1171926
1172078
1172234
1172391
1172549
1172705
1172822
1173021
1173176
1173330
1173483
1173638
1173794
1173952
1174108
1174267
1174428
1174590
1174748
1174909
1175010
1175231
1175383
1175534
1175684
1175833
1175984
1176136
1176291
1176446
1176602
1176759
1176917
1177076
1177197
1177397
1177552
1177706
1177859
1178012
1178163
1178317
1178472
1178631
1178787
1178945
1179105
1179266
1179422
1179577
1179731
1179884
1180037
1180189
1180342
1180439
1180654
1180802
1180947
1181092
1181238
1181386
1181539
1181696
1181853
1182011
1182173
1182337
1182499
1182660
1182821
1182981
1183138
1183294
1183453
1183610
1183764
1183919
1184076
1184230
1184386
1184545
1184711
1184878
1185039
1185200
1185363
1185525
1185685
1185845
1186005
1186164
1186320
1186412
1186634
1186788
1186939
1187088
1187241
1187399
1187553
1187708
1187835
1188030
1188182
1188333
1188488
1188642
1188797
1188951
1189107
1189260
1189363
1189571
1189723
1189873
1190025
1190176
1190330
1190483
1190636
1190791
1190946
1191101
1191257
1191412
1191568
1191724
1191881
1192037
1192189
1192341
1192445
1192652
1192801
1192949
1193098
1193246
1193395
1193485
1193699
1193845
1193990
1194135
1194280
1194428
1194577
1194732
1194888
1195052
1195173
1195376
1195531
1195685
1195793
1195993
1196142
1196291
1196443
1196596
1196751
1196909
1197070
1197235
1197354
1197563
1197721
1197873
1198024
1198176
1198327
1198478
1198629
1198779
1198930
1199066
1199237
1199383
1199530
1199680
1199830
1199980
1200130
1200283
1200438
1200594
1200748
1200904
1201014
1201213
1201361
1201505
1201647
1201738
1201939
1202081
1202223
1202366
1202512
1202662
1202816
1202972
1203129
1203286
1203445
1203602
1203756
1203909
1204064
1204219
1204372
1204525
1204680
1204835
1204987
1205141
1205295
1205448
1205602
1205752
1205903
1206054
1206204
1206352
1206502
1206652
1206803
1206953
1207054
1207254
1207402
1207547
1207693
1207840
1207987
1208136
1208285
1208439
1208593
1208748
1208901
1209057
1209210
1209363
1209514
1209666
1209817
1209971
1210123
1210273
1210424
1210575
1210723
1210821
1211024
1211170
1211315
1211459
1211605
1211752
1211874
1212058
1212208
1212356
1212505
1212655
1212802
1212954
1213107
1213263
1213420
1213578
1213738
1213897
1214058
1214216
1214376
1214537
1214695
1214851
1215010
1215168
1215326
1215483
1215641
1215797
1215955
1216111
1216213
1216422
1216574
1216722
1216868
1217017
1217164
1217317
1217470
1217625
1217760
1217942
1218094
1218248
1218403
1218557
1218713
1218812
1219028
1219181
1219334
1219485
1219638
1219791
1219946
1220098
1220250
1220355
1220554
1220699
1220844
1220991
1221137
1221285
1221436
1221588
1221738
1221887
1221991
1222196
1222344
1222491
1222638
1222787
1222939
1223094
1223252
1223415
1223575
1223671
1223889
1224040
1224188
1224336
1224484
1224613
1224790
1224941
1225092
1225243
1225393
1225543
1225694
1225853
1226053
1226237
1226352
1226584
1226752
1226918
1227027
1227253
1227408
1227559
1227710
1227865
1228022
1228181
1228345
1228509
1228675
1228840
1229007
1229176
1229345
1229512
1229608
1229836
1229992
1230146
1230298
1230452
1230604
1230757
1230910
1231065
1231221
1231375
1231525
1231675
1231826
1231978
1232128
1232277
1232373
1232580
1232726
1232870
1233014
1233136
1233307
1233453
1233605
1233755
1233867
1234060
1234207
1234351
1234492
1234633
1234772
1234909
1235046
1235189
1235336
1235486
1235638
1235791
1235945
1236042
1236255
1236404
1236550
1236695
1236842
1236990
1237137
1237288
1237439
1237590
1237744
1237896
1238048
1238201
1238354
1238505
1238656
1238810
1238964
1239120
1239278
1239437
1239599
1239757
1239919
1240079
1240236
1240392
1240549
1240706
1240866
1241023
1241179
1241335
1241490
1241644
1241797
1241951
1242104
1242257
1242408
1242560
1242717
1242874
1243032
1243188
1243349
1243512
1243674
1243838
1244009
1244182
1244349
1244515
1244616
1244846
1245006
1245161
1245318
1245477
1245634
1245793
1245952
1246112
1246269
1246424
1246578
1246732
1246886
1247037
1247189
1247345
1247499
1247652
1247805
1247961
1248120
1248280
1248436
1248593
1248750
1248905
1249060
1249217
1249346
1249528
1249677
1249828
1249978
1250130
1250284
1250439
1250594
1250749
1250900
1251054
1251206
1251357
1251508
1251600
1251816
1251963
1252105
1252248
1252391
1252536
1252682
1252830
1252981
1253133
1253285
1253436
1253589
1253744
1253898
1254052
1254204
1254358
1254510
1254663
1254817
1254976
1255135
1255294
1255455
1255618
1255776
1255936
1256094
1256252
1256408
1256562
1256718
1256875
1257031
1257187
1257346
1257501
1257655
1257808
1257961
1258108
1258253
1258396
1258491
1258684
1258825
1258965
1259106
1259249
1259396
1259545
1259697
1259850
1260004
1260161
1260274
1260475
1260627
1260777
1260927
1261076
1261225
1261375
1261526
1261675
1261824
1261974
1262125
1262273
1262420
1262567
1262716
1262864
1263013
1263162
1263311
1263460
1263609
1263757
1263908
1264057
1264208
1264357
1264509
1264661
1264811
1264964
1265117
1265272
1265426
1265581
1265737
1265896
1266055
1266212
1266370
1266529
1266623
1266847
1266999
1267149
1267300
1267450
1267597
1267747
1267905
1268062
1268221
1268378
1268531
1268629
1268837
1268984
1269130
1269275
1269421
1269567
1269715
1269866
1270015
1270166
1270318
1270433
1270626
1270775
1270922
1271067
1271211
1271357
1271503
1271648
1271793
1271940
1272087
1272235
1272380
1272520
1272659
1272795
1272932
1273074
1273221
1273372
1273523
1273674
1273827
1273982
1274135
1274233
1274444
1274592
1274736
1274882
1275028
1275177
1275329
1275485
1275644
1275805
1275965
1276127
1276290
1276451
1276613
1276774
1276932
1277090
1277249
1277346
1277563
1277711
1277859
1278006
1278154
1278302
1278450
1278599
1278749
1278899
1279048
1279196
1279344
1279493
1279609
1279792
1279938
1280082
1280227
1280372
1280518
1280640
1280816
1280958
1281099
1281242
1281386
1281532
1281682
1281834
1281987
1282139
1282294
1282446
1282601
1282756
1282910
1283065
1283219
1283374
1283528
1283682
1283835
1283988
1284140
1284292
1284443
1284593
1284742
1284855
1285049
1285196
1285344
1285492
1285641
1285746
1285945
1286094
1286241
1286392
1286542
1286694
1286849
1287005
1287163
1287325
1287488
1287648
1287806
1287966
1288059
1288283
1288435
1288582
1288730
1288850
1289032
1289178
1289325
1289471
1289618
1289765
1289913
1290062
1290163
1290363
1290509
1290655
1290801
1290948
1291099
1291249
1291399
1291550
1291704
1291855
1292008
1292160
1292310
1292459
1292608
1292758
1292905
1293053
1293202
1293353
1293504
1293653
1293801
1293951
1294101
1294250
1294401
1294552
1294694
1294855
1295005
1295102
1295307
1295452
1295596
1295739
1295881
1296025
1296173
1296326
1296482
1296638
1296793
1296948
1297099
1297248
1297397
1297547
1297697
1297848
1298001
1298154
1298307
1298466
1298624
1298782
1298939
1299093
1299245
1299396
1299542
1299685
1299827
1299966
1300104
1300242
1300380
1300519
1300658
1300800
1300943
1301086
1301231
1301377
1301527
1301677
1301829
1301980
1302133
1302286
1302439
1302533
1302746
1302894
1303040
1303186
1303332
1303477
1303625
1303774
1303923
1304074
1304224
1304374
1304521
1304667
1304813
1304959
1305106
1305253
1305402
1305549
1305699
1305848
1305998
1306149
1306299
1306448
1306600
1306751
1306897
1307041
1307184
1307324
1307461
1307602
1307748
1307899
1308054
1308207
1308298
1308514
1308664
1308809
1308952
1309043
1309243
1309383
1309519
1309654
1309790
1309885
1310062
1310196
1310328
1310461
1310594
1310728
1310866
1311007
1311154
1311304
1311461
1311622
1311779
1311933
1312087
1312240
1312392
1312542
1312692
1312842
1312993
1313086
1313289
1313434
1313577
1313721
1313869
1314015
1314165
1314314
1314463
1314613
1314765
1314915
1315062
1315209
1315358
1315508
1315656
1315803
1315953
1316105
1316256
1316410
1316566
1316722
1316811
1317037
1317192
1317347
1317507
1317667
1317772
1318019
1318188
1318351
1318443
1318672
1318823
1318970
1319080
1319268
1319412
1319557
1319703
1319852
1320004
1320160
1320313
1320466
1320617
1320768
1320918
1321065
1321190
1321362
1321506
1321646
1321786
1321928
1322072
1322219
1322368
1322519
1322675
1322831
1322984
1323139
1323295
1323449
1323600
1323750
1323902
1324054
1324203
1324354
1324504
1324654
1324801
1324951
1325101
1325250
1325398
1325544
1325690
1325833
1325978
1326122
1326266
1326408
1326550
1326695
1326841
1326990
1327138
1327285
1327430
1327574
1327721
1327866
1328017
1328102
1328298
1328439
1328577
1328714
1328856
1329000
1329147
1329300
1329456
1329617
1329778
1329937
1330094
1330183
1330403
1330550
1330694
1330835
1330976
1331118
1331257
1331400
1331540
1331680
1331819
1331959
1332098
1332238
1332379
1332521
1332664
1332805
1332945
1333086
1333225
1333365
1333504
1333643
1333781
1333919
1334060
1334199
1334341
1334485
1334630
1334779
1334925
1335074
1335227
1335378
1335528
1335679
1335827
1335969
1336109
1336248
1336387
1336523
1336658
1336791
1336923
1337054
1337187
1337322
1337459
1337596
1337735
1337876
1338017
1338158
1338298
1338437
1338575
1338712
1338849
1338989
1339129
1339271
1339418
1339564
1339710
1339858
1339966
1340157
1340302
1340461
1340632
1340784
1340943
1341047
1341269
1341426
1341585
1341742
1341898
1342052
1342207
1342363
1342521
1342679
1342838
1342995
1343126
1343313
1343465
1343618
1343770
1343919
1344068
1344220
1344371
1344525
1344676
1344827
1344977
1345128
1345277
1345426
1345574
1345722
1345868
1346015
1346161
1346307
1346453
1346599
1346748
1346898
1347048
1347199
1347347
1347496
1347645
1347794
1347940
1348088
1348234
1348382
1348529
1348676
1348824
1348970
1349118
1349264
1349411
1349557
1349703
1349850
1349997
1350145
1350291
1350438
1350589
1350752
1350909
1351061
1351213
1351363
1351511
1351656
1351803
1351950
1352096
1352242
1352386
1352531
1352643
1352827
1352969
1353111
1353254
1353397
1353540
1353684
1353830
1353977
1354124
1354225
1354418
1354561
1354700
1354839
1354979
1355122
1355265
1355411
1355556
1355703
1355849
1355994
1356139
1356283
1356426
1356569
1356711
1356853
1356996
1357141
1357284
1357429
1357573
1357719
1357864
1358013
1358168
1358319
1358433
1358628
1358775
1358918
1359058
1359198
1359336
1359459
1359618
1359758
1359897
1360038
1360187
1360337
1360488
1360638
1360786
1360930
1361073
1361164
1361358
1361498
1361635
1361770
1361905
1362040
1362178
1362316
1362456
1362600
1362743
1362887
1363029
1363171
1363315
1363459
1363603
1363752
1363902
1364052
1364204
1364320
1364508
1364653
1364798
1364943
1365088
1365236
1365382
1365532
1365680
1365827
1365916
1366121
1366264
1366403
1366540
1366679
1366820
1366963
1367109
1367257
1367405
1367552
1367695
1367838
1367983
1368127
1368269
1368412
1368514
1368698
1368839
1368977
1369118
1369257
1369396
1369534
1369652
1369811
1369946
1370077
1370208
1370337
1370468
1370605
1370745
1370889
1371032
1371178
1371324
1371470
1371613
1371754
1371896
1372038
1372182
1372325
1372469
1372618
1372769
1372920
1373074
1373226
1373361
1373533
1373683
1373832
1373979
1374134
1374294
1374453
1374614
1374770
1374922
1375073
1375221
1375368
1375512
1375655
1375757
1375943
1376083
1376223
1376361
1376502
1376642
1376785
1376929
1377074
1377221
1377370
1377519
1377669
1377817
1377966
1378116
1378265
1378413
1378569
1378723
1378875
1379028
1379177
1379323
1379468
1379567
1379758
1379898
1380034
1380170
1380307
1380442
1380578
1380715
1380852
1380992
1381135
1381279
1381423
1381568
1381716
1381861
1382008
1382155
1382302
1382446
1382592
1382737
1382883
1383030
1383176
1383319
1383461
1383604
1383747
1383889
1384030
1384172
1384265
1384469
1384617
1384763
1384910
1385056
1385202
1385345
1385488
1385631
1385772
1385913
1386054
1386195
1386339
1386482
1386624
1386763
1386870
1387042
1387178
1387311
1387448
1387593
1387742
1387856
1387890
1388038
1388186
1388333
1388476
1388619
1388684
1388760
1388907
1389054
1389199
1389341
1389482
1389622
1389763
1389905
1390046
1390186
1390328
1390471
1390614
1390757
1390901
1391044
1391186
1391329
1391471
1391614
1391757
1391899
1392043
1392188
1392331
1392476
1392620
1392766
1392915
1393068
1393218
1393370
1393519
1393668
1393767
1393963
1394105
1394244
1394383
1394520
1394658
1394797
1394936
1395076
1395216
1395356
1395496
1395635
1395775
1395870
1395914
1396053
1396192
1396333
1396476
1396617
1396758
1396902
1397044
1397187
1397327
1397469
1397609
1397749
1397885
1398021
1398156
1398290
1398425
1398560
1398697
1398834
1398973
1399113
1399255
1399398
1399542
1399685
1399770
1399827
1399882
1399970
1400064
1400111
1400253
1400392
1400532
1400671
1400809
1400945
1401078
1401208
1401338
1401470
1401605
1401745
1401891
1402038
1402186
1402331
1402472
1402613
1402753
1402892
1403032
1403172
1403310
1403449
1403589
1403699
1403873
1404012
1404152
1404294
1404436
1404577
1404718
1404858
1405000
1405142
1405287
1405435
1405581
1405727
1405872
1406018
1406163
1406306
1406450
1406604
1406736
1406877
1407018
1407159
1407301
1407443
1407586
1407730
1407873
1407965
1408162
1408301
1408437
1408574
1408711
1408848
1408973
1409127
1409266
1409406
1409546
1409685
1409824
1409963
1410103
1410244
1410346
1410385
1410468
1410527
1410668
1410811
1410957
1411104
1411248
1411390
1411531
1411670
1411807
1411944
1412079
1412214
1412350
1412487
1412624
1412762
1412901
1413042
1413184
1413325
1413466
1413608
1413748
1413887
1414027
1414163
1414300
1414436
1414573
1414710
1414846
1414983
1415123
1415264
1415362
1415550
1415641
1415689
1415828
1415891
1415965
1416103
1416241
1416379
1416498
1416664
1416803
1416939
1417074
1417210
1417347
1417450
1417628
1417765
1417907
1418051
1418197
1418344
1418490
1418636
1418778
1418919
1419008
1419202
1419339
1419471
1419601
1419732
1419867
1420007
1420150
1420291
1420433
1420573
1420711
1420848
1420984
1421078
1421256
1421389
1421520
1421652
1421788
1421928
1422078
1422233
1422397
1422565
1422724
1422882
1423036
1423185
1423331
1423475
1423619
1423709
1423909
1424050
1424187
1424323
1424457
1424594
1424736
1424882
1425028
1425172
1425316
1425460
1425600
1425738
1425876
1426018
1426163
1426306
1426449
1426593
1426737
1426878
1427016
1427152
1427242
1427427
1427561
1427694
1427826
1427959
1428023
1428094
1428233
1428377
1428523
1428669
1428819
1428970
1429117
1429262
1429406
1429546
1429684
1429822
1429957
1430092
1430227
1430360
1430494
1430630
1430766
1430902
1431038
1431174
1431310
1431448
1431585
1431722
1431859
1431996
1432134
1432271
1432410
1432550
1432690
1432831
1432970
1433110
1433252
1433394
1433537
1433680
1433822
1433964
1434104
1434245
1434384
1434523
1434661
1434802
1434941
1435031
1435222
1435358
1435491
1435623
1435755
1435886
1436019
1436151
1436283
1436413
1436543
1436674
1436805
1436937
1437070
1437203
1437337
1437470
1437603
1437737
1437870
1438005
1438138
1438272
1438409
1438546
1438684
1438820
1438959
1439097
1439234
1439368
1439502
1439638
1439773
1439907
1440041
1440176
1440314
1440451
1440587
1440726
1440865
1441006
1441145
1441285
1441430
1441570
1441707
1441842
1441977
1442109
1442244
1442378
1442515
1442653
1442794
1442930
1443064
1443196
1443291
1443459
1443589
1443716
1443843
1443968
1444093
1444218
1444342
1444467
1444598
1444732
1444870
1445009
1445147
1445285
1445423
1445557
1445690
1445822
1445952
1446082
1446210
1446338
1446466
1446593
1446719
1446846
1446973
1447099
1447225
1447349
1447475
1447601
1447727
1447852
1447975
1448097
1448218
1448305
1448461
1448582
1448701
1448820
1448938
1449057
1449176
1449295
1449414
1449532
1449651
1449770
1449888
1450006
1450125
1450242
1450361
1450478
1450594
1450710
1450825
1450939
1451052
1451165
1451278
1451390
1451502
1451614
1451725
1451778
1451827
1451950
1452061
1452173
1452286
1452399
1452511
1452596
1452735
1452848
1452959
1453071
1453185
1453277
1453413
1453526
1453638
1453751
1453864
1453976
1454088
1454202
1454317
1454433
1454549
1454643
1454778
1454892
1455005
1455118
1455233
1455346
1455458
1455570
1455683
1455794
1455907
1456020
1456135
1456250
1456366
1456480
1456594
1456709
1456824
1456940
1457054
1457167
1457280
1457394
1457508
1457623
1457736
1457849
1457962
1458076
1458190
1458303
1458416
1458491
1458641
1458756
1458869
1458982
1459095
1459207
1459319
1459432
1459545
1459659
1459772
1459885
1459999
1460114
1460229
1460344
1460458
1460573
1460689
1460805
1460921
1461035
1461149
1461264
1461379
1461495
1461611
1461727
1461844
1461961
1462079
1462197
1462314
1462431
1462549
1462667
1462785
1462902
1463019
1463136
1463254
1463371
1463489
1463606
1463723
1463840
1463956
1464072
1464188
1464303
1464418
1464532
1464646
1464761
1464876
1464991
1465104
1465218
1465331
1465445
1465559
1465672
1465784
1465895
1466005
1466115
1466224
1466334
1466445
1466525
1466673
1466787
1466900
1467013
1467127
1467242
1467357
1467472
1467589
1467705
1467822
1467939
1468056
1468171
1468287
1468403
1468519
1468634
1468750
1468866
1468982
1469099
1469216
1469331
1469444
1469556
1469668
1469781
1469894
1470007
1470123
1470240
1470359
1470481
1470603
1470723
1470842
1470960
1471078
1471196
1471291
1471431
1471549
1471666
1471782
1471901
1472034
1472188
1472327
1472462
1472590
1472715
1472838
1472959
1473080
1473201
1473321
1473443
1473564
1473684
1473804
1473924
1474044
1474164
1474282
1474401
1474519
1474636
1474753
1474869
1474969
1475104
1475221
1475337
1475451
1475564
1475677
1475788
1475899
1476008
1476117
1476229
1476343
1476460
1476581
1476705
1476829
1476957
1477085
1477213
1477341
1477449
1477571
1477718
1477839
1477957
1478072
1478187
1478301
1478415
1478529
1478644
1478759
1478874
1478990
1479107
1479225
1479342
1479458
1479576
1479693
1479811
1479929
1480046
1480161
1480275
1480389
1480504
1480619
1480736
1480856
1480978
1481098
1481219
1481340
1481462
1481586
1481710
1481835
1481960
1482049
1482208
1482333
1482455
1482578
1482697
1482817
1482937
1483055
1483173
1483290
1483409
1483516
1483648
1483771
1483895
1484021
1484150
1484276
1484402
1484529
1484654
1484777
1484897
1485014
1485133
1485251
1485365
1485481
1485594
1485708
1485821
1485933
1486046
1486158
1486271
1486386
1486504
1486622
1486747
1486873
1487001
1487131
1487261
1487390
1487521
1487650
1487778
1487904
1488026
1488147
1488266
1488385
1488504
1488620
1488739
1488856
1488973
1489089
1489204
1489318
1489432
1489547
1489663
1489779
1489896
1490017
1490137
1490257
1490375
1490493
1490610
1490728
1490849
1490968
1491088
1491208
1491329
1491450
1491571
1491692
1491773
1491931
1492049
1492165
1492281
1492399
1492518
1492638
1492760
1492881
1493002
1493123
1493243
1493363
1493483
1493603
1493722
1493841
1493959
1494077
1494193
1494309
1494424
1494539
1494655
1494773
1494894
1495016
1495138
1495265
1495391
1495517
1495642
1495765
1495888
1496010
1496257
1496380
1496501
1496624
1496748
1496875
1497001
1497128
1497257
1497386
1497512
1497638
1497763
1497887
1498011
1498136
1498263
1498388
1498513
1498623
1498763
1498887
1499013
1499138
1499261
1499382
1499503
1499623
1499744
1499864
1499983
1500101
1500219
1500340
1500460
1500583
1500705
1500827
1500907
1500951
1501070
1501191
1501313
1501435
1501558
1501682
1501809
1501937
1502070
1502204
1502338
1502473
1502611
1502748
1502886
1503024
1503162
1503300
1503437
1503576
1503714
1503852
1503990
1504129
1504269
1504408
1504547
1504684
1504817
1504949
1505078
1505205
1505331
1505455
1505578
1505701
1505826
1505953
1506088
1506235
1506383
1506527
1506673
1506817
1506962
1507103
1507242
1507385
1507532
1507683
1507834
1507990
1508147
1508297
1508446
1508593
1508740
1508886
1509029
1509174
1509322
1509468
1509613
1509731
1509909
1510052
1510193
1510336
1510479
1510628
1510770
1510924
1511047
1511189
1511341
1511477
1511621
1511731
