160
343
520
691
863
1043
1224
1411
1594
1777
1962
2079
2304
2479
2654
2832
3013
3135
3361
3523
3528
3700
3874
3970
4046
4165
4215
4384
4553
4722
4845
5045
5130
5180
5354
5414
5518
5684
5853
5924
5989
6189
6359
6522
6680
6836
6968
7139
7288
7437
7580
7722
7867
8020
8172
8326
8481
8634
8786
8937
9089
9238
9391
9504
9691
9841
9990
10137
10283
10429
10577
10735
10878
10919
11058
11224
11370
11384
11543
11697
11850
12001
12154
12307
12463
12619
12778
12939
13103
13277
13457
13637
13818
13998
14169
14335
14497
14660
14829
15004
15180
15360
15537
15715
15893
16069
16242
16421
16604
16782
16964
17145
17324
17500
17677
17859
18041
18216
18329
18545
18726
18902
19080
19256
19431
19604
19776
19947
20115
20280
20442
20610
20785
20965
21148
21326
21504
21679
21849
22021
22193
22364
22542
22722
22906
23088
23265
23436
23604
23772
23941
24113
24294
24471
24640
24813
24863
24926
24984
25119
25156
25238
25330
25501
25673
25840
26006
26174
26347
26522
26698
26876
27056
27233
27404
27569
27676
27899
28072
28189
28411
28591
28704
28937
29127
29244
29479
29668
29855
30037
30209
30376
30486
30707
30883
31065
31244
31423
31583
31784
31947
